
Analyzing prompt: 4
--- Logistic Regression Analysis ---
Class Probabilities:
[[1.05912335e-01 6.90392420e-02 1.79043123e-01 3.31577733e-01
  1.77594223e-01 1.36833344e-01]
 [7.64910451e-02 1.21696159e-01 2.56821267e-01 2.70518210e-01
  1.76010693e-01 9.84626262e-02]
 [3.92363398e-01 4.18016839e-01 1.50351539e-01 3.43149995e-02
  4.56380774e-03 3.89416675e-04]
 [2.47746559e-01 2.77474585e-01 2.29027727e-01 1.55037165e-01
  6.85959023e-02 2.21180614e-02]
 [1.43337908e-03 5.53912346e-03 4.47418997e-02 1.51296762e-01
  3.41398452e-01 4.55590384e-01]]Accuracy: 0.39303482587064675Classification Report:              precision    recall  f1-score   support

           1       0.27      0.46      0.34        81
           2       0.56      0.41      0.48       180
           3       0.50      0.36      0.42       204
           4       0.38      0.38      0.38       112
           5       0.14      0.32      0.19        19
           6       0.12      0.57      0.21         7

    accuracy                           0.39       603
   macro avg       0.33      0.42      0.33       603
weighted avg       0.45      0.39      0.41       603

Analyzing prompt: 5
--- Logistic Regression Analysis ---
Class Probabilities:
[[6.43870280e-01 3.51037859e-01 5.09020267e-03 1.65207499e-06
  6.02894417e-09 2.12041766e-11]
 [1.00387857e-01 1.22154227e-01 2.63577092e-01 2.55543483e-01
  1.90789761e-01 6.75475796e-02]
 [2.59476352e-01 3.24413417e-01 2.54023983e-01 1.05131063e-01
  4.15771670e-02 1.53780189e-02]
 [2.39852589e-01 2.09744090e-01 2.43591933e-01 1.66360951e-01
  9.44167516e-02 4.60336862e-02]
 [1.95455566e-01 2.48442711e-01 2.83134569e-01 1.58640787e-01
  8.39608959e-02 3.03654712e-02]]Accuracy: 0.4276315789473684Classification Report:              precision    recall  f1-score   support

           1       0.17      0.63      0.27        35
           2       0.62      0.46      0.52       162
           3       0.60      0.33      0.43       221
           4       0.50      0.45      0.47       149
           5       0.29      0.47      0.36        30
           6       0.16      0.82      0.27        11

    accuracy                           0.43       608
   macro avg       0.39      0.53      0.39       608
weighted avg       0.53      0.43      0.45       608

Analyzing prompt: 6
--- Logistic Regression Analysis ---
Class Probabilities:
[[0.62961115 0.24177611 0.08848712 0.03189075 0.00673666 0.00149821]
 [0.32076778 0.27997804 0.21083164 0.1143078  0.04911826 0.02499647]
 [0.16015662 0.1909263  0.24991623 0.21241728 0.11658024 0.07000335]
 [0.00207549 0.00596447 0.03868301 0.11052429 0.32862741 0.51412534]
 [0.25347524 0.33680825 0.25411361 0.11197376 0.03241456 0.01121457]]Accuracy: 0.37559808612440193Classification Report:              precision    recall  f1-score   support

           1       0.12      0.50      0.19        24
           2       0.63      0.31      0.42       140
           3       0.55      0.40      0.46       148
           4       0.46      0.43      0.45        86
           5       0.08      0.17      0.11        18
           6       0.09      1.00      0.17         2

    accuracy                           0.38       418
   macro avg       0.32      0.47      0.30       418
weighted avg       0.51      0.38      0.41       418

Analyzing prompt: 0
--- Logistic Regression Analysis ---
Class Probabilities:
[[0.55940911 0.32254912 0.08488892 0.03157679 0.00157606]
 [0.30166503 0.47075446 0.19080285 0.03547491 0.00130276]
 [0.26108961 0.19772137 0.30418996 0.23362604 0.00337302]
 [0.1380544  0.47138684 0.30264974 0.08122984 0.00667917]
 [0.0131769  0.02372672 0.16259595 0.31488314 0.48561729]]Accuracy: 0.4727272727272727Classification Report:              precision    recall  f1-score   support

           1       0.14      0.42      0.21        26
           2       0.69      0.61      0.65       145
           3       0.68      0.35      0.46       130
           4       0.34      0.43      0.38        28
           5       0.00      0.00      0.00         1

    accuracy                           0.47       330
   macro avg       0.37      0.36      0.34       330
weighted avg       0.61      0.47      0.51       330

Analyzing prompt: 3
--- Logistic Regression Analysis ---
Class Probabilities:
[[2.48076843e-01 4.35202792e-01 2.48568856e-01 6.33125878e-02
  4.82673406e-03 1.21867728e-05]
 [3.24056272e-02 6.92264446e-02 3.11009311e-01 3.41677421e-01
  2.19631695e-01 2.60495003e-02]
 [9.33526559e-07 2.20662257e-06 3.05737339e-04 6.39666952e-03
  9.93090911e-01 2.03542163e-04]
 [1.00025363e-02 3.02651001e-02 2.29285843e-01 3.34323215e-01
  3.92504128e-01 3.61917767e-03]
 [4.00739332e-01 4.09652058e-01 1.51830372e-01 3.48564013e-02
  2.91002789e-03 1.18087948e-05]]Accuracy: 0.39Classification Report:              precision    recall  f1-score   support

           1       0.14      0.67      0.24        18
           2       0.60      0.54      0.57       140
           3       0.57      0.46      0.51       256
           4       0.62      0.13      0.22       252
           5       0.14      0.97      0.25        33
           6       0.00      0.00      0.00         1

    accuracy                           0.39       700
   macro avg       0.35      0.46      0.30       700
weighted avg       0.56      0.39      0.40       700

Analyzing prompt: 2
--- Logistic Regression Analysis ---
Class Probabilities:
[[6.41268466e-02 1.47389082e-01 2.39935269e-01 2.47292908e-01
  1.96968809e-01 1.04287086e-01]
 [4.40078007e-01 2.86157618e-01 1.73325088e-01 8.11507100e-02
  1.66817582e-02 2.60681874e-03]
 [9.92160363e-01 7.83960982e-03 2.75887377e-08 4.75479180e-13
  1.79392265e-21 2.97868178e-35]
 [1.70258398e-01 2.14191249e-01 2.74372633e-01 1.99107888e-01
  1.03989721e-01 3.80801110e-02]
 [7.81911940e-02 1.29642436e-01 1.88186878e-01 2.81818212e-01
  2.14947613e-01 1.07213668e-01]]Accuracy: 0.348780487804878Classification Report:              precision    recall  f1-score   support

           1       0.18      0.34      0.23        44
           2       0.44      0.41      0.42        93
           3       0.47      0.26      0.33       135
           4       0.42      0.33      0.37        90
           5       0.34      0.49      0.40        41
           6       0.14      0.71      0.23         7

    accuracy                           0.35       410
   macro avg       0.33      0.42      0.33       410
weighted avg       0.40      0.35      0.36       410

Analyzing prompt: 1
--- Logistic Regression Analysis ---
Class Probabilities:
[[2.50862406e-01 7.38198778e-01 1.08438606e-02 6.29992670e-05
  5.83874296e-07 3.13722349e-05]
 [3.31580199e-02 4.64707567e-02 1.20705863e-01 2.05296854e-01
  2.62697459e-01 3.31671047e-01]
 [5.78474112e-02 1.32272108e-01 1.63552251e-01 2.10931365e-01
  2.28926655e-01 2.06470211e-01]
 [2.38371451e-01 2.53399754e-01 2.23646958e-01 1.54401969e-01
  7.52716153e-02 5.49082520e-02]
 [2.76261417e-02 5.76247661e-02 1.25913242e-01 2.04681544e-01
  2.42151947e-01 3.42002360e-01]]Accuracy: 0.3069053708439898Classification Report:              precision    recall  f1-score   support

           1       0.12      0.23      0.16        31
           2       0.48      0.51      0.49        85
           3       0.52      0.22      0.30       148
           4       0.39      0.22      0.28        95
           5       0.19      0.52      0.28        31
           6       0.02      1.00      0.04         1

    accuracy                           0.31       391
   macro avg       0.29      0.45      0.26       391
weighted avg       0.42      0.31      0.33       391
