
Analyzing prompt: 4
--- Logistic Regression Analysis ---
Class Probabilities:
[[1.05945598e-01 6.90289350e-02 1.78975923e-01 3.31406718e-01
  1.77703344e-01 1.36939481e-01]
 [7.64989531e-02 1.21688765e-01 2.56681437e-01 2.70474150e-01
  1.76109240e-01 9.85474546e-02]
 [3.92332303e-01 4.17983122e-01 1.50339592e-01 3.43730904e-02
  4.58065534e-03 3.91237131e-04]
 [2.47717153e-01 2.77429004e-01 2.28890291e-01 1.55156510e-01
  6.86576633e-02 2.21493787e-02]
 [1.43905682e-03 5.55877206e-03 4.48223549e-02 1.51317775e-01
  3.41259028e-01 4.55603013e-01]]Accuracy: 0.39303482587064675Classification Report:              precision    recall  f1-score   support

           1       0.27      0.46      0.34        81
           2       0.56      0.41      0.48       180
           3       0.51      0.36      0.42       204
           4       0.37      0.38      0.38       112
           5       0.14      0.32      0.19        19
           6       0.12      0.57      0.21         7

    accuracy                           0.39       603
   macro avg       0.33      0.42      0.33       603
weighted avg       0.45      0.39      0.41       603

Analyzing prompt: 5
--- Logistic Regression Analysis ---
Class Probabilities:
[[6.43914713e-01 3.50980309e-01 5.10330917e-03 1.66335052e-06
  6.08878739e-09 2.14916655e-11]
 [1.00459690e-01 1.22174458e-01 2.63420625e-01 2.55451953e-01
  1.90880694e-01 6.76125797e-02]
 [2.59491569e-01 3.24283267e-01 2.53915370e-01 1.05248408e-01
  4.16482603e-02 1.54131250e-02]
 [2.39787463e-01 2.09702186e-01 2.43486211e-01 1.66463785e-01
  9.44788675e-02 4.60814872e-02]
 [1.95453595e-01 2.48348178e-01 2.82880836e-01 1.58783387e-01
  8.41060852e-02 3.04279176e-02]]Accuracy: 0.42598684210526316Classification Report:              precision    recall  f1-score   support

           1       0.17      0.63      0.27        35
           2       0.62      0.46      0.52       162
           3       0.59      0.33      0.42       221
           4       0.50      0.45      0.47       149
           5       0.29      0.47      0.36        30
           6       0.16      0.82      0.27        11

    accuracy                           0.43       608
   macro avg       0.39      0.53      0.39       608
weighted avg       0.53      0.43      0.45       608

Analyzing prompt: 6
--- Logistic Regression Analysis ---
Class Probabilities:
[[0.62853144 0.24259683 0.088631   0.03194387 0.00676712 0.00152975]
 [0.32034387 0.28029201 0.21063085 0.11416266 0.04917399 0.02539662]
 [0.16005281 0.19158465 0.24948821 0.21151643 0.11631759 0.07104031]
 [0.0020624  0.00598508 0.03840647 0.10841318 0.32273232 0.52240054]
 [0.25336138 0.3374193  0.25355636 0.11184213 0.03249654 0.0113243 ]]Accuracy: 0.37320574162679426Classification Report:              precision    recall  f1-score   support

           1       0.12      0.50      0.19        24
           2       0.63      0.31      0.42       140
           3       0.55      0.40      0.46       148
           4       0.46      0.42      0.44        86
           5       0.08      0.17      0.11        18
           6       0.08      1.00      0.15         2

    accuracy                           0.37       418
   macro avg       0.32      0.47      0.30       418
weighted avg       0.51      0.37      0.41       418

Analyzing prompt: 0
--- Logistic Regression Analysis ---
Class Probabilities:
[[0.55173771 0.32871705 0.08475635 0.03306724 0.00172166]
 [0.29821298 0.47439262 0.18924029 0.03680042 0.00135369]
 [0.25879402 0.20384257 0.29990718 0.23401286 0.00344337]
 [0.13712978 0.47389043 0.29976634 0.08231766 0.00689579]
 [0.01404334 0.02623704 0.1725702  0.35413062 0.43301879]]Accuracy: 0.4696969696969697Classification Report:              precision    recall  f1-score   support

           1       0.14      0.42      0.21        26
           2       0.68      0.61      0.65       145
           3       0.69      0.32      0.44       130
           4       0.33      0.46      0.39        28
           5       0.00      0.00      0.00         1

    accuracy                           0.47       330
   macro avg       0.37      0.36      0.34       330
weighted avg       0.61      0.47      0.51       330

Analyzing prompt: 3
--- Logistic Regression Analysis ---
Class Probabilities:
[[2.48342316e-01 4.33265834e-01 2.49308142e-01 6.62714063e-02
  2.78287885e-03 2.94225682e-05]
 [3.34890189e-02 7.05692866e-02 3.19511330e-01 3.71530464e-01
  8.18867263e-02 1.23013174e-01]
 [6.96076433e-06 1.65386988e-05 2.35287448e-03 5.44933457e-02
  9.10160493e-01 3.29697876e-02]
 [1.38529713e-02 3.82846434e-02 2.99123409e-01 4.65563843e-01
  1.55674013e-01 2.75011204e-02]
 [4.03122722e-01 4.06337059e-01 1.52158391e-01 3.65471442e-02
  1.80920776e-03 2.54767871e-05]]Accuracy: 0.49142857142857144Classification Report:              precision    recall  f1-score   support

           1       0.15      0.67      0.24        18
           2       0.61      0.54      0.57       140
           3       0.56      0.46      0.51       256
           4       0.64      0.45      0.53       252
           5       0.29      0.70      0.41        33
           6       0.04      1.00      0.08         1

    accuracy                           0.49       700
   macro avg       0.38      0.64      0.39       700
weighted avg       0.57      0.49      0.52       700

Analyzing prompt: 2
--- Logistic Regression Analysis ---
Class Probabilities:
[[6.43022045e-02 1.47650267e-01 2.39286664e-01 2.47261062e-01
  1.97127882e-01 1.04371921e-01]
 [4.40001972e-01 2.86104427e-01 1.73417579e-01 8.12022530e-02
  1.66651652e-02 2.60860482e-03]
 [9.92179889e-01 7.82008343e-03 2.79012082e-08 4.67074620e-13
  1.85180120e-21 3.17622012e-35]
 [1.70132432e-01 2.14130835e-01 2.74310240e-01 1.99065723e-01
  1.04160960e-01 3.81998095e-02]
 [7.84907142e-02 1.29995788e-01 1.88717509e-01 2.81866976e-01
  2.14023146e-01 1.06905867e-01]]Accuracy: 0.348780487804878Classification Report:              precision    recall  f1-score   support

           1       0.18      0.34      0.23        44
           2       0.44      0.41      0.42        93
           3       0.47      0.26      0.33       135
           4       0.42      0.33      0.37        90
           5       0.34      0.49      0.40        41
           6       0.14      0.71      0.23         7

    accuracy                           0.35       410
   macro avg       0.33      0.42      0.33       410
weighted avg       0.40      0.35      0.36       410

Analyzing prompt: 1
--- Logistic Regression Analysis ---
Class Probabilities:
[[2.51139544e-01 7.37900470e-01 1.08643783e-02 6.37307602e-05
  5.93095789e-07 3.12832076e-05]
 [3.54705071e-02 4.74644269e-02 1.23206467e-01 2.09320398e-01
  2.57947892e-01 3.26590308e-01]
 [5.90293395e-02 1.32538267e-01 1.64120596e-01 2.11712229e-01
  2.27515425e-01 2.05084143e-01]
 [2.41748335e-01 2.52270618e-01 2.23019830e-01 1.54287580e-01
  7.43934768e-02 5.42801603e-02]
 [2.91041435e-02 5.83747733e-02 1.27703751e-01 2.07567012e-01
  2.38690766e-01 3.38559554e-01]]Accuracy: 0.2966751918158568Classification Report:              precision    recall  f1-score   support

           1       0.11      0.23      0.15        31
           2       0.47      0.48      0.47        85
           3       0.49      0.19      0.27       148
           4       0.38      0.25      0.30        95
           5       0.19      0.48      0.27        31
           6       0.02      1.00      0.05         1

    accuracy                           0.30       391
   macro avg       0.28      0.44      0.25       391
weighted avg       0.40      0.30      0.31       391
