
Analyzing prompt: 0
--- Logistic Regression Analysis ---
Class Probabilities:
[[0.55089086 0.32693079 0.08663757 0.03403583 0.00150495]
 [0.29684205 0.47060512 0.19317784 0.03818491 0.00119008]
 [0.25053265 0.1959645  0.30191216 0.24892664 0.00266405]
 [0.13550126 0.46677561 0.30523376 0.08661628 0.00587308]
 [0.01438409 0.02667796 0.18691817 0.42209706 0.34992273]]Accuracy: 0.47878787878787876Classification Report:              precision    recall  f1-score   support

           1       0.14      0.42      0.21        26
           2       0.70      0.61      0.65       145
           3       0.67      0.32      0.44       130
           4       0.33      0.57      0.42        28
           5       0.00      0.00      0.00         1

    accuracy                           0.48       330
   macro avg       0.37      0.39      0.34       330
weighted avg       0.61      0.48      0.51       330

Analyzing prompt: 1
--- Logistic Regression Analysis ---
Class Probabilities:
[[2.65449677e-01 7.23924460e-01 1.05339978e-02 6.15978634e-05
  5.45612706e-07 2.97221052e-05]
 [4.32743035e-02 4.95457074e-02 1.26838237e-01 2.12713209e-01
  2.40805293e-01 3.26823250e-01]
 [6.36807655e-02 1.34355817e-01 1.65355515e-01 2.12019725e-01
  2.19725189e-01 2.04862989e-01]
 [2.55626122e-01 2.50150787e-01 2.19794026e-01 1.51204021e-01
  7.03119941e-02 5.29130500e-02]
 [3.41234897e-02 6.03858797e-02 1.30679557e-01 2.10235306e-01
  2.25925693e-01 3.38650074e-01]]Accuracy: 0.2710997442455243Classification Report:              precision    recall  f1-score   support

           1       0.08      0.23      0.12        31
           2       0.43      0.36      0.39        85
           3       0.52      0.18      0.26       148
           4       0.41      0.32      0.36        95
           5       0.18      0.35      0.24        31
           6       0.02      1.00      0.04         1

    accuracy                           0.27       391
   macro avg       0.27      0.41      0.24       391
weighted avg       0.41      0.27      0.30       391

Analyzing prompt: 2
--- Logistic Regression Analysis ---
Class Probabilities:
[[6.43211747e-02 1.47445241e-01 2.39352524e-01 2.46867931e-01
  1.97818999e-01 1.04194130e-01]
 [4.39749692e-01 2.86114808e-01 1.73469907e-01 8.13299300e-02
  1.67055296e-02 2.63013397e-03]
 [9.92089986e-01 7.90998561e-03 2.79929903e-08 4.75352074e-13
  1.79596107e-21 3.24042043e-35]
 [1.70099289e-01 2.14347914e-01 2.74216216e-01 1.99225270e-01
  1.03891856e-01 3.82194547e-02]
 [7.83082292e-02 1.29793280e-01 1.88421659e-01 2.81768810e-01
  2.14150224e-01 1.07557798e-01]]Accuracy: 0.348780487804878Classification Report:              precision    recall  f1-score   support

           1       0.18      0.34      0.23        44
           2       0.44      0.41      0.42        93
           3       0.47      0.26      0.33       135
           4       0.42      0.33      0.37        90
           5       0.34      0.49      0.40        41
           6       0.14      0.71      0.24         7

    accuracy                           0.35       410
   macro avg       0.33      0.42      0.33       410
weighted avg       0.40      0.35      0.36       410

Analyzing prompt: 3
--- Logistic Regression Analysis ---
Class Probabilities:
[[2.48168820e-01 4.33994429e-01 2.49555747e-01 6.57915960e-02
  2.47052752e-03 1.88795751e-05]
 [3.61569600e-02 7.67670750e-02 3.43900401e-01 3.84222079e-01
  6.99726858e-02 8.89807988e-02]
 [1.03731381e-05 2.49878451e-05 3.46096664e-03 7.48666327e-02
  9.02082707e-01 1.95543331e-02]
 [1.48619466e-02 4.15772728e-02 3.19934859e-01 4.76459822e-01
  1.29664441e-01 1.75016578e-02]
 [4.02567020e-01 4.07336566e-01 1.52379399e-01 3.60806334e-02
  1.61935691e-03 1.70245148e-05]]Accuracy: 0.5128571428571429Classification Report:              precision    recall  f1-score   support

           1       0.15      0.67      0.24        18
           2       0.60      0.54      0.57       140
           3       0.56      0.47      0.51       256
           4       0.66      0.50      0.57       252
           5       0.35      0.70      0.47        33
           6       0.05      1.00      0.09         1

    accuracy                           0.51       700
   macro avg       0.40      0.65      0.41       700
weighted avg       0.58      0.51      0.54       700

Analyzing prompt: 4
--- Logistic Regression Analysis ---
Class Probabilities:
[[1.05964469e-01 6.90300842e-02 1.78943807e-01 3.31425531e-01
  1.77719423e-01 1.36916685e-01]
 [7.64927463e-02 1.21685985e-01 2.56702314e-01 2.70469982e-01
  1.76104515e-01 9.85444577e-02]
 [3.92320899e-01 4.17994827e-01 1.50339739e-01 3.43727632e-02
  4.58060576e-03 3.91166963e-04]
 [2.47721563e-01 2.77427352e-01 2.28889555e-01 1.55155057e-01
  6.86595059e-02 2.21469677e-02]
 [1.43884860e-03 5.55866424e-03 4.48232634e-02 1.51315740e-01
  3.41259768e-01 4.55603716e-01]]Accuracy: 0.39303482587064675Classification Report:              precision    recall  f1-score   support

           1       0.27      0.46      0.34        81
           2       0.56      0.41      0.48       180
           3       0.51      0.36      0.42       204
           4       0.37      0.38      0.38       112
           5       0.14      0.32      0.19        19
           6       0.12      0.57      0.21         7

    accuracy                           0.39       603
   macro avg       0.33      0.42      0.33       603
weighted avg       0.45      0.39      0.41       603

Analyzing prompt: 5
--- Logistic Regression Analysis ---
Class Probabilities:
[[6.43977625e-01 3.50916485e-01 5.10421962e-03 1.66451069e-06
  6.09067400e-09 2.15020126e-11]
 [1.00458538e-01 1.22163493e-01 2.63428044e-01 2.55452774e-01
  1.90887483e-01 6.76096685e-02]
 [2.59490418e-01 3.24268228e-01 2.53924611e-01 1.05254036e-01
  4.16485559e-02 1.54141508e-02]
 [2.39787767e-01 2.09686734e-01 2.43498570e-01 1.66463336e-01
  9.44803779e-02 4.60832150e-02]
 [1.95433277e-01 2.48400648e-01 2.82853074e-01 1.58772994e-01
  8.41105532e-02 3.04294534e-02]]Accuracy: 0.42598684210526316Classification Report:              precision    recall  f1-score   support

           1       0.17      0.63      0.27        35
           2       0.62      0.46      0.52       162
           3       0.59      0.33      0.42       221
           4       0.50      0.45      0.47       149
           5       0.29      0.47      0.36        30
           6       0.16      0.82      0.27        11

    accuracy                           0.43       608
   macro avg       0.39      0.53      0.39       608
weighted avg       0.53      0.43      0.45       608

Analyzing prompt: 6
--- Logistic Regression Analysis ---
Class Probabilities:
[[0.63427578 0.2374004  0.08825405 0.03186561 0.00670439 0.00149976]
 [0.3235232  0.27704565 0.21083694 0.11443618 0.04903831 0.02511972]
 [0.16268919 0.18884302 0.25003895 0.21237589 0.11598401 0.07006894]
 [0.00217962 0.00590088 0.03922984 0.11118712 0.32615696 0.51534559]
 [0.25535033 0.3349295  0.25392362 0.11209382 0.03244173 0.011261  ]]Accuracy: 0.37559808612440193Classification Report:              precision    recall  f1-score   support

           1       0.11      0.50      0.18        24
           2       0.64      0.31      0.42       140
           3       0.56      0.40      0.46       148
           4       0.47      0.44      0.46        86
           5       0.09      0.17      0.11        18
           6       0.09      1.00      0.17         2

    accuracy                           0.38       418
   macro avg       0.33      0.47      0.30       418
weighted avg       0.52      0.38      0.41       418
