
Analyzing prompt: Exploring Venus
--- Logistic Regression Analysis ---
Class Probabilities:
[[0.09034125 0.09585814 0.1364138  0.18166923 0.22154907 0.27416851]
 [0.10728441 0.11212822 0.14582696 0.18048535 0.20919085 0.2450842 ]
 [0.13960534 0.14227938 0.15925311 0.1744462  0.1857596  0.19865639]
 [0.12962753 0.13308955 0.15567116 0.17674076 0.19294028 0.21193072]
 [0.07554197 0.08135735 0.12651815 0.1811018  0.23220443 0.30327629]]Accuracy: 0.011608623548922056Classification Report:              precision    recall  f1-score   support

           1       0.00      0.00      0.00        81
           2       0.00      0.00      0.00       180
           3       0.00      0.00      0.00       204
           4       0.00      0.00      0.00       112
           5       0.00      0.00      0.00        19
           6       0.01      1.00      0.02         7

    accuracy                           0.01       603
   macro avg       0.00      0.17      0.00       603
weighted avg       0.00      0.01      0.00       603

Analyzing prompt: Facial action coding system
--- Logistic Regression Analysis ---
Class Probabilities:
[[0.12715983 0.12824356 0.14961716 0.17644839 0.19996496 0.21856611]
 [0.10775853 0.10917791 0.13849701 0.17870444 0.21689199 0.24897012]
 [0.13223848 0.13321322 0.15221682 0.17554889 0.19558697 0.21119561]
 [0.12755722 0.12863274 0.14982505 0.17638225 0.1996215  0.21798124]
 [0.13210396 0.13308139 0.15214944 0.17557434 0.19570285 0.21138802]]Accuracy: 0.018092105263157895Classification Report:              precision    recall  f1-score   support

           1       0.00      0.00      0.00        35
           2       0.00      0.00      0.00       162
           3       0.00      0.00      0.00       221
           4       0.00      0.00      0.00       149
           5       0.00      0.00      0.00        30
           6       0.02      1.00      0.04        11

    accuracy                           0.02       608
   macro avg       0.00      0.17      0.01       608
weighted avg       0.00      0.02      0.00       608

Analyzing prompt: The Face on Mars
--- Logistic Regression Analysis ---
Class Probabilities:
[[0.13618373 0.12499897 0.1446927  0.17398681 0.19744621 0.22269158]
 [0.14403852 0.13513266 0.15068579 0.1728212  0.18982314 0.20749869]
 [0.13628353 0.12512624 0.14477075 0.17397523 0.19735012 0.22249414]
 [0.10181688 0.08460116 0.11608543 0.17312334 0.22794059 0.29643259]
 [0.15120632 0.14470949 0.15596846 0.17134045 0.18268597 0.19408932]]Accuracy: 0.004784688995215311Classification Report:              precision    recall  f1-score   support

           1       0.00      0.00      0.00        24
           2       0.00      0.00      0.00       140
           3       0.00      0.00      0.00       148
           4       0.00      0.00      0.00        86
           5       0.00      0.00      0.00        18
           6       0.00      1.00      0.01         2

    accuracy                           0.00       418
   macro avg       0.00      0.17      0.00       418
weighted avg       0.00      0.00      0.00       418

Analyzing prompt: "A Cowboy Who Rode the Waves"
--- Logistic Regression Analysis ---
Class Probabilities:
[[0.1855594  0.17059981 0.19389016 0.21580597 0.23414465]
 [0.18717038 0.1733898  0.19475682 0.2143747  0.2303083 ]
 [0.17688113 0.15623783 0.18895737 0.22304334 0.25488033]
 [0.19069249 0.17964115 0.19659117 0.21113271 0.22194248]
 [0.16467273 0.13771797 0.18130937 0.23188599 0.28441393]]Accuracy: 0.0030303030303030303Classification Report:              precision    recall  f1-score   support

           1       0.00      0.00      0.00        26
           2       0.00      0.00      0.00       145
           3       0.00      0.00      0.00       130
           4       0.00      0.00      0.00        28
           5       0.00      1.00      0.01         1

    accuracy                           0.00       330
   macro avg       0.00      0.20      0.00       330
weighted avg       0.00      0.00      0.00       330

Analyzing prompt: Driverless cars
--- Logistic Regression Analysis ---
Class Probabilities:
[[0.1382984  0.14011717 0.1600731  0.17471848 0.18769771 0.19909513]
 [0.11575603 0.11842149 0.15015107 0.17712564 0.20679359 0.23175218]
 [0.06550602 0.06883528 0.11657038 0.17060334 0.25091663 0.32756836]
 [0.10668184 0.10959507 0.14537313 0.17735276 0.21464889 0.2463483 ]
 [0.14380205 0.14536252 0.16210888 0.17378955 0.18313738 0.19179963]]Accuracy: 0.0014285714285714286Classification Report:              precision    recall  f1-score   support

           1       0.00      0.00      0.00        18
           2       0.00      0.00      0.00       140
           3       0.00      0.00      0.00       256
           4       0.00      0.00      0.00       252
           5       0.00      0.00      0.00        33
           6       0.00      1.00      0.00         1

    accuracy                           0.00       700
   macro avg       0.00      0.17      0.00       700
weighted avg       0.00      0.00      0.00       700

Analyzing prompt: Does the electoral college work?
--- Logistic Regression Analysis ---
Class Probabilities:
[[0.13699758 0.12141591 0.14378301 0.16931541 0.19749948 0.23098861]
 [0.14077587 0.12664815 0.14686357 0.16945847 0.19389833 0.22235562]
 [0.1322352  0.11500453 0.13983879 0.16894585 0.20190365 0.24207197]
 [0.14739778 0.13614773 0.15215511 0.16938888 0.18736533 0.20754516]
 [0.1283198  0.10987834 0.13654593 0.16848702 0.20541382 0.25135509]]Accuracy: 0.01707317073170732Classification Report:              precision    recall  f1-score   support

           1       0.00      0.00      0.00        44
           2       0.00      0.00      0.00        93
           3       0.00      0.00      0.00       135
           4       0.00      0.00      0.00        90
           5       0.00      0.00      0.00        41
           6       0.02      1.00      0.03         7

    accuracy                           0.02       410
   macro avg       0.00      0.17      0.01       410
weighted avg       0.00      0.02      0.00       410

Analyzing prompt: Car-free cities
--- Logistic Regression Analysis ---
Class Probabilities:
[[0.14622852 0.1325159  0.15113195 0.1700045  0.19693275 0.20318638]
 [0.12398023 0.1012224  0.1326947  0.16908672 0.22889583 0.24412012]
 [0.15023516 0.13874713 0.15429209 0.16967907 0.19107983 0.19596671]
 [0.14941236 0.13745081 0.15364741 0.16975849 0.19228458 0.19744634]
 [0.13257115 0.11269217 0.13998507 0.16998044 0.21665128 0.2281199 ]]Accuracy: 0.0025575447570332483Classification Report:              precision    recall  f1-score   support

           1       0.00      0.00      0.00        31
           2       0.00      0.00      0.00        85
           3       0.00      0.00      0.00       148
           4       0.00      0.00      0.00        95
           5       0.00      0.00      0.00        31
           6       0.00      1.00      0.01         1

    accuracy                           0.00       391
   macro avg       0.00      0.17      0.00       391
weighted avg       0.00      0.00      0.00       391
