
Analyzing prompt: Exploring Venus
--- Logistic Regression Analysis ---
Class Probabilities:
[[0.09034125 0.09585813 0.13641379 0.18166921 0.22154906 0.27416857]
 [0.10728439 0.11212822 0.14582695 0.18048535 0.20919082 0.24508426]
 [0.13960527 0.14227941 0.15925311 0.17444622 0.18575954 0.19865644]
 [0.12962748 0.13308958 0.15567116 0.17674078 0.19294023 0.21193077]
 [0.07554198 0.08135732 0.12651813 0.18110177 0.23220445 0.30327634]]Accuracy: 0.011608623548922056Classification Report:              precision    recall  f1-score   support

           1       0.00      0.00      0.00        81
           2       0.00      0.00      0.00       180
           3       0.00      0.00      0.00       204
           4       0.00      0.00      0.00       112
           5       0.00      0.00      0.00        19
           6       0.01      1.00      0.02         7

    accuracy                           0.01       603
   macro avg       0.00      0.17      0.00       603
weighted avg       0.00      0.01      0.00       603

Analyzing prompt: Facial action coding system
--- Logistic Regression Analysis ---
Class Probabilities:
[[0.12715994 0.12824364 0.14961722 0.17644841 0.19996493 0.21856586]
 [0.10775859 0.10917797 0.13849707 0.17870448 0.21689196 0.24896993]
 [0.13223861 0.1332133  0.15221689 0.17554891 0.19558695 0.21119534]
 [0.12755733 0.12863282 0.14982512 0.17638227 0.19962148 0.21798098]
 [0.13210409 0.13308148 0.15214951 0.17557435 0.19570283 0.21138775]]Accuracy: 0.018092105263157895Classification Report:              precision    recall  f1-score   support

           1       0.00      0.00      0.00        35
           2       0.00      0.00      0.00       162
           3       0.00      0.00      0.00       221
           4       0.00      0.00      0.00       149
           5       0.00      0.00      0.00        30
           6       0.02      1.00      0.04        11

    accuracy                           0.02       608
   macro avg       0.00      0.17      0.01       608
weighted avg       0.00      0.02      0.00       608

Analyzing prompt: The Face on Mars
--- Logistic Regression Analysis ---
Class Probabilities:
[[0.13618355 0.12499901 0.14469278 0.17398694 0.19744663 0.2226911 ]
 [0.14403822 0.1351327  0.15068589 0.17282137 0.18982363 0.2074982 ]
 [0.13628335 0.12512628 0.14477082 0.17397536 0.19735053 0.22249365]
 [0.10181709 0.08460121 0.11608544 0.1731233  0.22794063 0.29643232]
 [0.15120591 0.14470952 0.15596858 0.17134067 0.18268651 0.19408881]]Accuracy: 0.004784688995215311Classification Report:              precision    recall  f1-score   support

           1       0.00      0.00      0.00        24
           2       0.00      0.00      0.00       140
           3       0.00      0.00      0.00       148
           4       0.00      0.00      0.00        86
           5       0.00      0.00      0.00        18
           6       0.00      1.00      0.01         2

    accuracy                           0.00       418
   macro avg       0.00      0.17      0.00       418
weighted avg       0.00      0.00      0.00       418

Analyzing prompt: "A Cowboy Who Rode the Waves"
--- Logistic Regression Analysis ---
Class Probabilities:
[[0.18555622 0.17059456 0.1938897  0.21581078 0.23414874]
 [0.18716727 0.17338473 0.19475642 0.21437922 0.23031237]
 [0.17687757 0.15623175 0.18895654 0.22304957 0.25488458]
 [0.19068953 0.17963649 0.1965909  0.21113663 0.22194645]
 [0.16466866 0.13771101 0.18130799 0.23189413 0.28441822]]Accuracy: 0.0030303030303030303Classification Report:              precision    recall  f1-score   support

           1       0.00      0.00      0.00        26
           2       0.00      0.00      0.00       145
           3       0.00      0.00      0.00       130
           4       0.00      0.00      0.00        28
           5       0.00      1.00      0.01         1

    accuracy                           0.00       330
   macro avg       0.00      0.20      0.00       330
weighted avg       0.00      0.00      0.00       330

Analyzing prompt: Driverless cars
--- Logistic Regression Analysis ---
Class Probabilities:
[[0.13810373 0.13992302 0.15988706 0.1746023  0.19054623 0.19693765]
 [0.11550285 0.11816085 0.14987372 0.17693945 0.21171592 0.22780722]
 [0.06525032 0.06855883 0.11618562 0.17031729 0.26311304 0.31657489]
 [0.10641371 0.10931643 0.14506316 0.17713867 0.22056706 0.24150098]
 [0.14362563 0.1451886  0.16194622 0.17368957 0.18555314 0.18999683]]Accuracy: 0.0014285714285714286Classification Report:              precision    recall  f1-score   support

           1       0.00      0.00      0.00        18
           2       0.00      0.00      0.00       140
           3       0.00      0.00      0.00       256
           4       0.00      0.00      0.00       252
           5       0.00      0.00      0.00        33
           6       0.00      1.00      0.00         1

    accuracy                           0.00       700
   macro avg       0.00      0.17      0.00       700
weighted avg       0.00      0.00      0.00       700

Analyzing prompt: Does the electoral college work?
--- Logistic Regression Analysis ---
Class Probabilities:
[[0.13699759 0.12141582 0.14378302 0.1693154  0.19749968 0.23098849]
 [0.1407759  0.12664804 0.14686361 0.16945845 0.19389853 0.22235546]
 [0.13223518 0.11500446 0.13983878 0.16894584 0.20190385 0.2420719 ]
 [0.14739787 0.13614758 0.1521552  0.16938886 0.18736554 0.20754496]
 [0.12831975 0.10987829 0.13654589 0.168487   0.20541402 0.25135505]]Accuracy: 0.01707317073170732Classification Report:              precision    recall  f1-score   support

           1       0.00      0.00      0.00        44
           2       0.00      0.00      0.00        93
           3       0.00      0.00      0.00       135
           4       0.00      0.00      0.00        90
           5       0.00      0.00      0.00        41
           6       0.02      1.00      0.03         7

    accuracy                           0.02       410
   macro avg       0.00      0.17      0.01       410
weighted avg       0.00      0.02      0.00       410

Analyzing prompt: Car-free cities
--- Logistic Regression Analysis ---
Class Probabilities:
[[0.14622786 0.13251604 0.15113095 0.1700078  0.19759136 0.20252599]
 [0.12398021 0.10122222 0.13269511 0.16910005 0.23049213 0.24251029]
 [0.15023507 0.13874799 0.15429154 0.16968134 0.19159428 0.19544979]
 [0.14941214 0.13745151 0.15364674 0.16976096 0.19282805 0.1969006 ]
 [0.13257011 0.11269142 0.13998415 0.16998893 0.2178565  0.2269089 ]]Accuracy: 0.0025575447570332483Classification Report:              precision    recall  f1-score   support

           1       0.00      0.00      0.00        31
           2       0.00      0.00      0.00        85
           3       0.00      0.00      0.00       148
           4       0.00      0.00      0.00        95
           5       0.00      0.00      0.00        31
           6       0.00      1.00      0.01         1

    accuracy                           0.00       391
   macro avg       0.00      0.17      0.00       391
weighted avg       0.00      0.00      0.00       391
